50 
2021094 56.00 5.00 456.00 443.00 5664.00 
345 345.00 3456.00 34.00 3.00 5.00 
6 4.00 3.00 44.00 5.00 6.00 
6 7.00 7.00 7.00 7.00 7.00 
6 7.00 7.00 7.00 7.00 7.00 
6 7.00 7.00 7.00 7.00 7.00 
6 7.00 7.00 7.00 7.00 7.00 
6 7.00 7.00 7.00 7.00 7.00 
6 7.00 7.00 7.00 7.00 7.00 
6 7.00 7.00 7.00 7.00 7.00 
6 7.00 7.00 7.00 7.00 7.00 
6 7.00 7.00 7.00 7.00 7.00 
6 7.00 7.00 7.00 7.00 7.00 
6 7.00 7.00 7.00 7.00 7.00 
6 7.00 7.00 7.00 7.00 7.00 
6 7.00 7.00 7.00 7.00 7.00 
6 7.00 7.00 7.00 7.00 7.00 
6 7.00 7.00 7.00 7.00 7.00 
6 7.00 7.00 7.00 7.00 7.00 
6 7.00 7.00 7.00 7.00 7.00 
6 7.00 7.00 7.00 7.00 7.00 
6 7.00 7.00 7.00 7.00 7.00 
6 7.00 7.00 7.00 7.00 7.00 
6 7.00 7.00 7.00 7.00 7.00 
6 7.00 7.00 7.00 7.00 7.00 
6 7.00 7.00 7.00 7.00 7.00 
6 7.00 7.00 7.00 7.00 7.00 
6 7.00 7.00 7.00 7.00 7.00 
6 7.00 7.00 7.00 7.00 7.00 
6 7.00 7.00 7.00 7.00 7.00 
6 7.00 7.00 7.00 7.00 7.00 
6 7.00 7.00 7.00 7.00 7.00 
6 7.00 7.00 7.00 7.00 7.00 
6 7.00 7.00 7.00 7.00 7.00 
6 7.00 7.00 7.00 7.00 7.00 
6 7.00 7.00 7.00 7.00 7.00 
6 7.00 7.00 7.00 7.00 7.00 
6 7.00 7.00 7.00 7.00 7.00 
6 7.00 7.00 7.00 7.00 7.00 
6 7.00 7.00 7.00 7.00 7.00 
6 7.00 7.00 7.00 7.00 7.00 
6 7.00 7.00 7.00 7.00 7.00 
6 7.00 7.00 7.00 7.00 7.00 
6 7.00 7.00 7.00 7.00 7.00 
6 7.00 7.00 7.00 7.00 7.00 
6 7.00 7.00 7.00 7.00 7.00 
6 7.00 7.00 7.00 7.00 7.00 
6 7.00 7.00 7.00 7.00 7.00 
6 7.00 7.00 7.00 7.00 7.00 
6 7.00 7.00 7.00 7.00 7.00 